# 10 client 5 poisoned 
Total accuracy:  [17.25, 78.94, 85.94, 84.09, 88.69, 90.34, 88.55, 89.91, 90.42, 91.6]
Client 1 accuracy: [74.76, 73.56, 75.99, 76.33, 76.9, 77.46, 77.35, 77.26, 77.75, 77.33]
Client 2 accuracy: [72.8, 70.59, 76.36, 76.99, 77.27, 77.29, 77.16, 77.67, 77.75, 76.72]
Client 3 accuracy: [75.28, 74.08, 76.37, 76.92, 77.06, 77.25, 77.26, 77.61, 77.52, 77.62]
Client 4 accuracy: [75.4, 74.27, 76.08, 75.67, 77.2, 77.54, 77.45, 77.76, 77.8, 77.79]
Client 5 accuracy: [74.86, 73.55, 75.8, 77.07, 76.99, 77.3, 77.43, 77.66, 77.63, 77.66]
Client 6 accuracy: [94.81, 93.52, 97.01, 97.2, 97.65, 98.23, 98.53, 98.54, 98.57, 98.77]
Client 7 accuracy: [95.17, 93.81, 96.55, 96.89, 98.09, 97.86, 98.41, 98.66, 98.34, 98.86]
Client 8 accuracy: [94.97, 94.17, 96.73, 97.66, 97.71, 98.48, 98.52, 98.58, 98.67, 98.45]
Client 9 accuracy: [95.51, 92.6, 96.79, 97.34, 98.15, 97.98, 97.66, 98.67, 98.7, 98.72]
Client 10 accuracy: [94.86, 93.98, 97.12, 97.59, 97.98, 98.05, 97.92, 98.63, 98.49, 98.52]

# 10 client 3 poisoned
Total accuracy:  [8.98, 90.28, 94.37, 97.0, 96.83, 97.72, 98.19, 98.24, 98.17, 98.49]
Client 1 accuracy: [74.44, 72.97, 76.26, 76.41, 76.88, 77.35, 76.68, 77.38, 77.57, 77.71]
Client 2 accuracy: [75.65, 73.58, 75.39, 76.5, 77.21, 76.88, 77.08, 77.26, 77.5, 77.41]
Client 3 accuracy: [75.3, 72.34, 76.16, 76.53, 77.15, 77.15, 77.26, 77.43, 77.66, 77.63]
Client 4 accuracy: [95.28, 93.24, 96.93, 97.48, 97.95, 98.17, 98.33, 98.4, 98.53, 98.83]
Client 5 accuracy: [95.39, 92.68, 96.46, 96.17, 98.06, 98.29, 98.18, 98.29, 98.54, 98.73]
Client 6 accuracy: [95.01, 93.05, 96.59, 97.66, 98.03, 98.16, 98.38, 98.2, 98.58, 98.81]
Client 7 accuracy: [95.24, 93.33, 96.56, 97.52, 98.16, 97.9, 98.51, 98.41, 98.75, 98.87]
Client 8 accuracy: [95.15, 93.37, 96.6, 97.56, 98.05, 98.23, 98.4, 98.58, 98.5, 98.52]
Client 9 accuracy: [94.97, 93.71, 96.57, 97.6, 97.79, 97.67, 98.35, 98.38, 98.67, 98.82]
Client 10 accuracy: [95.19, 93.55, 96.66, 97.41, 97.95, 98.13, 98.05, 98.52, 98.47, 98.71]

# c10 p3 r5 e2 rofl 10
Total accuracy:  [97.6, 98.41, 98.71, 99.01, 98.99]
Client 1 accuracy: [76.24, 77.57, 77.53, 77.08, 77.97]
Client 2 accuracy: [76.4, 77.37, 77.71, 77.79, 77.75]
Client 3 accuracy: [76.85, 77.49, 77.52, 77.88, 77.71]
Client 4 accuracy: [97.56, 98.41, 98.79, 99.02, 98.94]
Client 5 accuracy: [97.57, 98.38, 98.44, 98.92, 98.59]
Client 6 accuracy: [97.55, 98.46, 98.63, 98.96, 98.91]
Client 7 accuracy: [97.11, 98.08, 98.53, 98.8, 99.07]
Client 8 accuracy: [96.86, 98.41, 98.36, 98.81, 99.01]
Client 9 accuracy: [97.21, 97.92, 98.72, 98.9, 99.05]
Client 10 accuracy: [97.6, 98.41, 98.71, 99.01, 98.99]
L2 Norm
Client 1: [10.200814963806126, 10.571968153063352, 10.812801525480749, 11.008460341470505, 11.17525971554382]
Client 2: [10.197962750405933, 10.569157433257736, 10.82288567290686, 11.00424794728524, 11.168440061003212]
Client 3: [10.16030379465218, 10.563687021848967, 10.831104748678152, 11.00154656853018, 11.160724728125558]
Client 4: [10.239043425147997, 10.515550987619317, 10.76474648068198, 10.961635850952282, 11.128911173571362]
Client 5: [10.190724254539687, 10.521774065622877, 10.755871898188207, 10.959554894228503, 11.120099431629267]
Client 6: [10.232259924623722, 10.516543685224068, 10.762505585652383, 10.958543138607673, 11.121099201677334]
Client 7: [10.185150459891739, 10.51668459507167, 10.760778829367945, 10.954462435237602, 11.128275318312626]
Client 8: [10.220003977643216, 10.523217601314471, 10.763463934445323, 10.95551587789619, 11.120548371461062]
Client 9: [10.172405681124944, 10.519535130588208, 10.764393341671255, 10.95672175974152, 11.120692947471994]
Client 10: [10.176045542031662, 10.519787835185804, 10.762097175647236, 10.957040550417418, 11.123014319085677]


